284
286
287
288
289
290
291
292
293
294
295
296
297
298
299
300
301
302
303
304
305
306
307
308
309
310
311
312
313
314
315
316
317
318
319
320
321
322
323
324
325
326
327
328
329
330
331
332
333
334
335
336
337
338
339
340
341
342
343
344
345
346
347
348
350
351
352
353
354
355
356
357
358
360
361
362
363
364
365
366
367
368
369
370
371
372
373
374
375
376
377
378
379
380
381
382
383
384
385
386
387
388
389
390
391
392
393
394
395
396
397
398
399
400
401
402
403
404
405
406
407
408
409
410
411
412
413
414
415
416
417
418
419
420
421
422
423
424
425
427
428
429
430
431
432
433
434
435
436
437
438
439
440
441
442
443
444
445
446
447
448
449
450
451
452
453
454
455
456
457
458
459
460
461
462
463
464
465
466
467
468
469
470
471
472
473
474
475
476
477
478
479
480
481
482
483
484
485
487
488
489
490
491
492
493
494
495
496
497
498
499
501
502
503
504
505
507
508
509
510
511
512
513
514
515
516
517
518
519
520
521
522
523
524
525
526
527
528
529
530
531
532
534
535
536
537
538
539
540
541
542
543
544
545
546
547
548
549
550
551
552
553
554
555
556
557
558
559
560
561
562
563
564
565
566
567
568
569
570
571
572
573
574
575
576
577
578
579
580
581
582
583
584
585
586
587
588
589
590
591
592
593
594
595
596
597
598
599
600
601
602
603
604
605
606
607
608
609
610
611
612
613
614
615
616
617
618
619
620
621
622
623
624
625
626
627
628
629
630
631
632
633
634
635
636
637
638
639
640
641
642
643
644
645
646
647
648
649
650
651
652
653
654
655
656
657
658
659
660
661
662
663
664
665
666
667
668
669
670
671
672
673
674
675
676
677
678
679
680
681
682
683
684
685
686
687
688
689
690
691
692
693
694
695
696
698
699
700
701
702
703
704
705
706
707
708
709
710
711
712
713
714
715
716
717
718
719
720
721
722
723
724
725
726
727
728
729
730
731
732
733
734
735
736
737
738
739
740
741
742
743
744
745
746
747
748
749
750
751
755
756
757
758
759
760
761
762
763
764
765
766
767
768
769
770
771
772
773
774
775
776
777
778
779
783
785
786
788
791
795
796
797
799
800
803
805
809
810
811
812
813
814
815
818
819
821
822
824
826
828
830
831
833
834
836
837
838
840
843
850
851
852
853
855
856
860
877
880
881
897
898
901
902
906
908
909
910
911
912
914
919
927
932
934
937
938
940
942
945
946
953
955
957
959
961
963
964
968
969
970
973
974
977
980
983
985
987
988
989
992
995
997
1001
1002
1003
1004
1006
1009
1011
1013
1014
1019
1021
1022
1029
1031
1032
1035
1039
1040
1042
1047
1051
1053
1056
1057
1059
1060
1061
1062
1063
1066
1067
1068
1069
1070
1071
1072
1073
1079
1080
1081
1086
1087
1088
1089
1090
1091
1093
1095
1098
1105
1107
1108
1109
1110
1111
1112
1113
1115
1116
1117
1118
1120
1123
1125
1126
1127
1129
1132
1134
1136
1139
1141
1142
1144
1147
1148
1152
1153
1155
1156
1157
1158
1159
1160
1161
1162
1164
1166
1167
1168
1169
1170
1171
1173
1174
1175
1179
1181
1183
1185
1187
1189
1190
1193
1201
1203
1205
1207
1208
1211
1212
1214
1217
1219
1223
1224
1225
1226
1228
1230
1231
1233
1236
1238
1241
1246
1248
1251
1254
1256
1262
1265
1266
1267
1268
1273
1274
1275
1276
1278
1283
1286
1288
1290
1291
1292
1295
1297
1299
1301
1303
1306
1308
1310
1312
1314
1318
1319
1320
1321
1322
1323
1325
1328
1330
1333
1335
1336
1337
1338
1339
1340
1341
1342
1343
1344
1346
1347
1350
1351
1353
1354
1355
1356
1357
1358
1359
1360
1361
1362
1363
1364
1365
1366
1367
1368
1369
1370
1371
1372
1373
1374
1375
1376
1377
1378
1379
1380
1381
1382
1383
1385
