000091
000105
000106
000108
000110
000111
000112
000115
000116
000117
000118
000120
000121
000122
000123
000124
000125
000128
000129
000130
000131
000134
000135
000136
000140
000145
000146
000147
000148
000149
000150
000151
000154
000155
000156
000157
000159
000160
000161
000163
000164
000165
000166
000168
000169
000170
000172
000173
000174
000176
000177
000178
000179
000180
000181
000182
000183
000185
000186
000187
000188
000189
000191
000192
000194
000197
000198
000199
000201
000202
000203
000204
000205
000206
000209
000210
000211
000212
000214
000215
000217
000219
000220
000221
000222
000224
000227
000229
000233
000235
000236
000238
000239
000240
000241
000242
000243
000245
000246
000247
000249
000250
000252
000253
000254
000255
000256
000257
000258
000259
000260
000261
000263
000266
000268
000269
000270
000271
000284
000285
000287
000340
000385
000392
000430
000443
000446
000447
000504
000511
000512
000526
000527
000538
000556
000559
000561
000600
000601
000610
000625
000634
000635
000636
000643
000657
000667
000699
000701
000719
000734
000757
000758
000786
000787
000791
000794
000804
000818
000833
000840
000855
000857
000918
000920
000942
000965
000973
001035
001089
001549
001908
002038
002127
002224
002434
002625
002745
003020
003138
003388
003433
003570
003788
003875
003914
003966
004045
004069
004086
004096
004137
004250
004471
004588
