6901
6802
5410
5416
5504
5535
5418
5415
5838
5962
6169
6181
5526
5255
9615
3298
4368
6059
3766
7317
5133
9290
3798
3835
4857
5322
6335
6701
6919
6945
9649
9802
4077
6240
3787
10096
10163
9064
9518
9960
9825
9848
9963
4244
5980
7087
7734
9726
9704
3027
3454
5266
7604
9068
9146
9266
9283
2557
7082
8412
1765
1897
3668
4122
4241
5611
8809
9314
9480
10265
812
813
816
850
1072
1162
1593
1810
1834
1857
1449
1584
1724
1799
2409
2421
2752
3390
3540
4002
964
1177
1284
1587
1723
1756
1955
2050
2133
2164
1062
2867
3519
3671
3715
5223
6815
8914
8957
9595
2963
960
970
4374
7414
9564
9293
9294
9053
6192
7477
4390
5872
2919
4487
433
470
474
476
500
501
560
583
589
713
4824
8712
9834
9843
6332
7361
9478
4819
5827
7071
8939
9071
5414
7203
7716
8628
8629
8670
8788
9577
3855
4163
4772
7022
8615
9005
9548
4433
4666
4667
4740
5648
7519
8442
9879
2750
3718
9867
2646
4293
4739
5021
5505
8289
3608
8829
9207
9512
3346
9073
9074
9413
9421
9650
9837
3142
3818
8631
3001
8112
9840
2076
3724
8439
9760
2170
3446
4144
4208
5134
5509
5569
5887
5934
6540
2185
4807
7747
8774
9002
9189
9992
2230
2347
3733
4314
5086
5731
7259
7416
7729
7799
2218
4615
1733
1932
1735
1831
2917
4111
4321
7185
7307
7732
7794
9321
1928
2779
3208
3406
3640
3949
4910
6638
7028
7241
2428
9794
9916
1385
1478
1796
2002
2417
3451
4936
4911
7459
7882
1448
1504
3168
3356
4401
4416
4730
5467
8485
8960
9360
1692
2338
9957
9922
679
1555
1594
1725
1828
2053
2118
2140
2324
2359
1245
1488
1563
1717
3020
3033
3144
3149
3167
3164
767
1411
1475
1579
1731
1878
1907
2188
2498
2611
403
526
598
612
628
719
750
751
782
784
9786
9531
4543
3684
3966
4232
9029
9619
3631
3807
8032
4162
5032
4516
2799
3505
3706
3914
4489
4976
5033
5088
5380
5734
8210
3382
3971
9731
3904
9967
3737
7690
8446
8793
9816
4482
10229
4296
3579
7053
2858
3459
3794
4169
4201
9442
2838
2872
3066
3147
3580
3915
3989
3963
4036
3988
2925
3099
3199
5085
5452
5969
8981
2931
3081
3102
3180
3172
3335
3389
3482
3507
3738
3214
4488
6286
10132
5169
10234
7399
8406
7323
7005
7104
7034
4915
6841
5119
9853
4633
6848
3792
6692
6694
9836
10094
4352
6482
7830
4161
7706
2920
7539
2645
4626
3310
4046
4047
10077
10103
2073
2013
2788
3799
4222
7646
7647
7648
9587
9944
1895
2985
7485
8765
9556
9557
10106
1930
1987
3786
3984
4028
4258
4417
4685
5013
5015
1968
2162
2865
3366
3449
3506
5081
5341
5719
6456
2004
3843
7433
9918
2520
6720
2539
2820
3004
3841
7710
8256
9027
2512
2746
2793
2990
3696
3768
4218
4534
4802
4977
2501
2519
2556
2705
2927
3197
3376
6177
8705
9182
2507
2545
3032
3405
3976
4003
4304
9301
64
296
346
1785
2032
2130
2154
2156
2275
2508
213
1820
1821
1998
2529
2590
2803
3100
3162
3487
40
1850
4467
9111
8429
8290
9339
8399
5173
5243
5299
8321
9973
5484
6811
7197
7555
8507
3183
4529
7111
9462
3040
4343
4905
5106
6718
3130
7943
2354
6464
6441
7921
1757
1948
2437
4562
4581
4745
4873
6385
6466
6436
1942
2537
3426
3535
3856
4425
4889
5080
6439
7419
1982
2243
3074
3365
4474
4515
4531
6162
8138
9001
2555
3678
4197
4245
4262
4726
6516
6949
9573
10205
860
1230
1590
1866
3901
4332
5496
5537
5819
5867
864
1285
4909
5238
5955
8419
1602
4246
982
2210
2725
2847
4688
5231
5405
5492
5660
5613
655
1296
1407
1644
1694
1698
1743
1933
2208
2599
710
7001
8709
1340
6097
6880
7762
7756
7782
7818
8071
9562
9592
278
283
325
367
407
416
447
614
623
752
294
444
766
774
950
1156
1489
1996
1997
2042
30
248
254
465
807
841
930
1014
1049
1186
304
345
354
419
496
509
611
632
718
725
61
83
118
121
129
148
161
164
169
189
62
170
182
205
492
573
652
674
1007
1349
676
996
1017
1149
1155
1292
1533
1640
2728
2881
87
1249
2200
2329
2766
3443
3745
3834
4724
5881
98
839
1008
1807
1944
2775
3171
3228
3240
3435
108
259
362
695
763
779
1225
1273
1459
1583
155
423
1016
1060
1101
1125
1423
2114
2149
2159
183
1318
1379
2007
2199
2298
2344
3386
3444
4121
228
229
316
359
844
852
981
1143
1207
1427
238
818
968
1131
1495
1868
2144
2533
2642
2709
241
363
823
1160
1182
1608
1619
1976
2253
2534
51
117
157
486
935
1675
1806
2142
2261
2272
208
237
262
263
268
347
351
383
520
758
45
54
67
73
134
163
293
317
332
404
10
4
214
709
1472
1860
1951
1974
1980
2012
23
116
151
250
390
575
576
595
781
817
225
232
302
366
392
409
430
437
450
451
10246
10247
9315
10269
10005
8719
9144
8308
7788
7835
6934
5625
5833
9114
4064
4325
8568
3973
6382
6703
4103
4722
4445
7685
8364
9482
4378
5222
6987
7481
9530
4251
3472
3555
3753
4393
4430
4668
5499
6236
6339
7038
929
1140
1196
1277
1301
1352
1359
1360
1370
1389
1228
4250
7897
291
308
386
398
410
536
577
890
1002
1095
8905
7823
9302
7219
7220
8584
6837
7981
9700
4098
2378
5653
6693
2398
2092
3700
4639
4838
6745
1436
922
2260
2393
2401
2631
2693
3645
4586
4590
4716
687
3538
4088
4438
4758
5171
8130
9329
10000
1299
1327
2685
6548
553
1416
1891
1964
1989
2079
2077
2139
2215
2627
243
340
1279
1330
1384
1604
2150
2151
3826
4564
449
1755
2489
5009
5764
6478
6486
7825
8022
9185
603
962
1055
3985
4519
7226
9122
9575
9746
9810
10297
1655
7528
7587
1697
1716
1740
1853
1889
1958
461
483
586
606
636
639
663
1104
1111
1194
