10110902
19011010
19011020
19011033
19011058
19011070
19011077
19011078
19011083
19011087
19011094
19011107
19011110
19011148
19011179
19022020
19022032
19022036
19022041
19022044
19022048
19022051
19022065
19022066
19022074
19022075
19022076
19022085
19022089
19022090
19022092
19022095
19022096
19022102
19022103
19022112
19022114
19022115
19022117
19022122
19022124
19022125
19022126
19022127
19022128
19022130
19022135
19022136
19022140
19022144
19022145
19022149
19022150
19022151
19022153
19022158
19022159
19022160
19022161
19022166
19022167
19022168
19022171
19022172
19022177
19022180
19022181
19022182
19022185
19022186
19022188
19022190
19022191
19022192
19022195
19022198
19022199
19022200
19022202
19022203
19022206
19022207
19022209
19022210
19023010
19023028
19023050
19023072
19023079
19023080
19023081
19023084
19023086
19023088
19023090
19023098
19023137
19023162
19023163
19023165
19023175
19023178
19024100
19024109
19032101
19041020
19041026
19041030
19041143
19041169
19051111
19051154
19071105
20011001
20011060
20022010
20022012
20022040
20022050
20023010
20041010
40415908
60120001
60120008
60120009
60220014
60230001
60230002
60230003
60230004
60230005
60510001
60510002
60710001
94178142
94178189
94178191
94178199
94178243
94178244
94178263
94178265
94178272
94178280
94178305
94178306
94178322
94178323
94178325
94178333
94178338
94178339
94178341
94178342
94178344
94178366
94178367
94178368
94178402
94178417
94178418
94178419
94178446
94178477
94178478
94178510
94178511
94178531
94178541
94178556
94178557
94178558
94178559
94178561
94178696
94178725
94178863
94178881
94178894
94178896
94178897
94178898
94178899
94178957
94178963
94178964
94179007
94179008
94179010
94179011
94179012
94179013
94179015
94179016
94179017
94179018
94179019
94179024
94189015
94189018
94189019
94189021
94189023
94189025
94189029
94189030
94189031
94189032
94189033
94189034
94189035
94189040
94189041
94189050
94189060
94189061
94189070
94189077
94189078
94189079
94189080
94189081
94189082
94189083
94189084
94189091
94189095
94189100
94189120
94189122
94189138
94189139
94189140
94189153
94189156
94189181
94189183
94189185
94189187
94189190
94189191
94189211
94189215
94189216
94189221
94189223
94189225
94189232
94189261
94189266
94189285
94189286
94189290
94189300
94189304
94189321
94189322
94189335
94189336
94189337
94189339
94189340
94189350
94189355
94189356
94189357
94189380
94189381
94189388
94189389
94189391
94189392
94189394
94189395
94189400
94189401
94189419
94189421
94189422
94189424
94189425
94189426
94189427
94189428
94189429
94189430
94189442
94189443
94189450
94189451
94189452
94189454
94189455
94189456
94189457
94189458
94189459
94189460
94189463
94189464
94189466
94189481
94189491
94189492
94189493
94189495
94189496
94189498
94189499
94189501
94189502
94189507
94189512
94189520
94189521
94189525
94189530
94189570
94189571
94189572
94189573
94189574
94189580
94189585
94189593
94189601
94189602
94189611
94189612
94189613
94189621
94189623
94189628
94189631
94189635
94189640
94189645
94189647
94189670
94189680
94189690
94189691
94189692
94189695
94189700
94189710
94189720
94189721
94189730
94189731
94189742
94189772
94189775
94189776
94189780
94189781
94189785
94189790
94189791
94189792
94189800
94189801
94189810
94189815
94189820
94189835
94189850
94189870
94189880
94189891
94189892
94189900
94189901
94189911
94189912
94189913
94189914
94189915
94189938
94189939
94189940
94189941
94189942
94189944
94189946
94189947
94189951
94189953
94189954
94189964
94189965
94289160
94289161
94289162
94289163
94289164
94289165
94289166
94289167
94289170
94289181
94289182
94289191
94289192
94289340
94289341
94289342
94289430
94289440
94289460
94289490
94389101
94389121
94389122
94389130
94389151
94389152
94389171
94389172
94389182
94389280
94389282
94389310
94389311
94389312
94389320
94389331
94389334
94389340
94389350
94389352
94389353
94389360
94389400
94389410
94389430
94389440
94389450
94389451
94389481
94389530
94389541
94389542
94389562
94389620
94389621
94389681
94389810
94389811
94389901
94389902
94389903
94389904
94389907
94389911
94389913
94389914
94489101
94489110
94489112
94489130
94489131
94489140
94489150
94489151
94489152
94489165
94489190
94489191
94489192
94489193
94489194
94489221
94489241
94489242
94489244
94489245
94489260
94489282
94489284
94489285
94489301
94489302
94489303
94489310
94489311
94489321
94489322
94489340
94489341
94489350
94489360
94489391
94489400
94489421
94489422
94489425
94489430
94489431
94489440
94489441
94489442
94489443
94489453
94489490
94489500
94489515
94489560
94489561
94489580
94489610
94489640
94489680
94489690
94489760
94489770
94489790
94489801
94489802
94489804
94489805
94489810
94489817
94489818
94489821
94489830
94489831
94489832
94589103
94589104
94589105
94589106
94589113
94589114
94589181
94589201
94589202
94589260
94589270
94589320
