33
34
58
59
105
154
155
156
157
158
159
160
161
162
165
166
167
168
169
170
171
172
173
199
200
201
205
206
207
210
213
214
216
218
221
222
227
229
230
231
232
235
238
244
246
248
249
250
251
252
253
254
255
261
262
264
266
267
268
269
270
271
273
274
275
276
277
278
279
281
282
284
285
286
287
288
289
290
291
292
293
294
295
301
302
304
307
308
309
313
314
315
316
317
318
319
320
322
323
325
326
328
331
354
356
358
360
362
364
365
371
372
373
375
384
390
391
394
396
397
398
399
402
403
404
406
410
411
413
415
416
418
420
422
423
424
425
426
430
431
435
436
437
439
440
442
443
444
446
447
448
449
450
454
462
465
467
468
470
473
476
477
478
479
482
483
484
486
488
490
