5398
5400
5401
5403
5404
5405
5411
5412
5416
5417
5418
5420
5421
5422
5424
5430
5431
5432
5434
5437
5440
5441
5443
5448
5455
5461
5462
5463
5464
5465
5466
5467
5470
5472
5475
5479
5482
5484
5485
5487
5497
5499
5500
5502
5506
5509
5510
5514
5517
5520
5522
5523
5525
5530
5532
5533
5537
5539
5541
5542
5543
5547
5549
5550
5551
5558
5560
5562
5563
5566
5570
5571
5576
5577
5579
5580
5581
5582
5583
5584
5585
5590
5591
5592
5593
5594
5596
5599
5600
5602
5603
5604
5605
5607
5609
5614
5615
5616
5617
5620
5621
5624
5626
7746
7748
7749
7750
7752
7757
7763
7767
7773
7779
7788
7790
7792
7793
7794
7803
7807
7810
7815
7821
7822
7825
7829
7830
7835
7836
7840
7841
7844
7845
7847
7853
7854
7856
7861
7865
7869
7873
7876
7877
7878
7883
7884
7885
7888
7890
7956
7964
7967
7970
7972
7974
7975
7977
7981
7982
7988
7990
7991
7992
7993
8002
8037
8041
8042
8044
8045
8052
8053
8054
8055
8057
8061
8063
8064
8069
8070
8071
8072
8073
8079
8080
8081
8083
8084
8085
8086
8087
8088
8089
8090
8092
8093
8094
8096
8097
8099
8101
8103
8105
8106
8110
8112
8113
8114
8118
8120
8121
8123
8124
8125
8126
8128
8129
8131
26270
26272
26274
26275
28207
28208
28626
28628
28629
28630
28631
28634
28636
29897
29898
29900
29901
29902
29903
36477
36479
36480
36818
36820
36823
36827
37093
37096
37097
37098
37100
37101
37102
37283
37284
37286
37287
37290
37295
37297
37484
37486
37488
37489
37490
37492
37493
37495
37497
38065
38066
38067
38069
38070
38073
56951
71141
71143
71144
71145
71147
71150
71153
71155
71158
71160
71163
71165
71166
71167
71170
71174
71176
71178
71180
71182
71183
71695
71696
71697
71698
72666
72667
72668
72670
72671
72673
72675
72693
72696
72703
72713
72717
72719
72721
72722
72726
72728
72731
72733
72736
72738
72742
72746
72747
72825
72826
72829
72830
74236
74238
74258
74260
74274
74276
74283
74285
74286
74287
74288
74289
74290
74291
74292
76320
76321
76326
77701
77702
77703
77704
77705
77707
77708
77711
77712
77714
77718
77719
77723
77724
77726
77727
77728
77732
77733
77736
77738
77741
77743
77744
77747
77748
77749
77750
77752
77757
77760
85479
85480
85483
85485
85486
85488
85489
85494
85495
85497
85503
85506
85510
85511
85514
85515
85516
85517
85520
85523
85524
85525
85527
85529
85531
85533
85534
85535
85541
85542
85544
85548
85549
85550
85553
85554
85561
85574
86279
86280
86285
86286
86289
86290
86292
86293
86297
86298
86300
86305
86306
86307
86309
86311
86312
86315
86316
86317
86319
86320
86325
86326
86330
86665
86666
86667
86668
86669
86673
86674
86678
86681
86683
86684
86686
86688
86690
86691
86692
86694
86695
86696
86697
86700
86703
86710
86711
86712
86714
86716
86719
86721
86723
86724
86725
86727
86730
86731
86733
86735
86737
86741
86742
86744
86746
86747
86748
86751
86752
86754
86758
86762
86764
86770
86772
86780
86783
86784
86785
86786
86788
86789
86790
86791
86793
86794
86795
86796
86799
86800
86811
86814
86815
86816
86817
86822
86823
86826
86827
86829
86831
86832
86833
86834
86835
86836
86837
86848
86854
86857
86863
86866
86867
86871
86879
86880
86885
86886
86887
86889
86890
86893
86895
86946
86948
86949
86956
86958
86959
86962
86967
86968
86969
86978
86979
86980
86982
86985
86986
86989
86992
86993
86995
86996
86997
86998
86999
87002
87004
87006
87008
87009
87011
87015
87019
87020
87022
87024
87032
87036
87037
87038
87039
87041
87042
87051
87052
87053
87054
87055
87056
87057
87058
87059
87061
87062
87063
87065
87067
87072
87073
87080
87083
87085
87087
87089
87090
87092
87093
87095
87096
87100
87101
87102
87103
87104
87108
87113
87115
87116
87117
87118
87120
87126
87128
87129
87130
87131
87132
87133
87136
87216
87219
87225
87269
87276
87279
87283
87287
87302
87387
87397
87405
87406
87422
87430
87431
87439
87440
87441
87444
87447
87453
87454
87466
87468
87470
87471
87473
87489
87494
87495
87498
87505
87510
87511
87520
87521
87527
87530
87534
87549
87551
87607
87611
87628
87630
87632
87636
87659
87661
87678
87686
87687
87700
87702
87704
87705
87706
87708
87709
87710
87712
87714
87715
87730
87732
87733
87734
87736
87737
87747
87748
87750
87751
87752
87756
87757
87758
87759
87761
87764
87765
87766
87767
87768
87770
87776
87779
87780
87782
87783
87788
87793
87795
87796
87797
87798
87801
87803
87804
87806
87807
87812
87813
87815
87819
87820
87822
87823
87824
87825
87826
87829
87830
87831
87832
87837
87839
87840
87841
87842
87845
87846
87848
87850
87851
87856
87857
87860
87865
87868
87869
87870
87873
87878
87879
87880
87881
87882
87883
87884
87885
87893
87897
87899
87901
87903
87905
87906
87907
87909
87910
87911
87914
87917
87919
87922
87924
87925
87926
87927
87929
87933
87937
87940
87944
87946
87948
87949
87950
87951
87952
87953
87954
87956
87963
87964
87965
87966
87969
87970
87983
87988
87993
87997
88007
88008
88009
88014
88015
88016
88017
88019
88020
88021
88026
88028
88029
88030
88033
88034
88035
88036
88038
88039
88041
88044
88045
88047
88049
88050
88051
88052
88054
88055
88056
88057
88058
88059
88060
88061
88067
88068
88069
88072
88074
88075
88076
88078
88079
88081
88082
88083
88086
88089
88092
88093
88094
88095
88098
88099
88100
88101
88108
88117
88118
88119
88120
88122
88125
88128
88134
88135
88136
88138
88141
88143
88147
88149
88150
88151
88152
88154
88155
88158
88159
88160
88164
88166
88167
88168
88170
88171
88172
88174
88175
88177
88178
88180
88184
88186
88187
88189
88190
88194
88195
88198
88199
88200
88201
88202
88205
88208
88209
88211
88212
88213
88214
88217
88218
88223
88224
88225
88229
88259
88260
88267
88268
88270
88271
88273
88274
88275
88276
88277
88281
88285
88286
88287
88288
88289
88291
88293
88295
88296
88297
88298
88300
88301
88303
88304
88306
88307
88311
88312
88313
88314
88319
88320
88322
88323
88326
88327
88328
88329
88331
88332
88334
88343
88344
88346
88349
88350
88352
88353
88354
88355
88357
88359
88361
88363
88364
88365
88367
88380
88388
88393
88394
88400
88411
88412
88413
88414
88416
88419
88420
88421
88422
88424
88426
88427
88429
88430
88431
88433
88438
88439
88440
88441
88442
88446
88452
88457
88458
88459
88462
88468
88469
88470
88471
88473
88474
88476
88479
88480
88541
88543
88548
88549
88550
88551
88552
88553
91116
91127
91136
91142
91168
91179
91182
91194
91201
91202
91223
91238
91243
91244
91264
91268
91278
91280
91283
91289
91291
91292
91298
91307
91311
91313
91316
91317
91333
91334
91347
91349
91373
91410
91429
91474
91493
91590
91596
91610
91627
91644
91666
91746
92012
92044
92055
92083
92085
92086
92087
92088
92089
92090
92091
92093
92094
92098
92099
92100
92101
92105
92106
92107
92108
92109
92111
92113
92114
92115
92118
92119
92120
92123
92124
92125
92126
92127
92129
92133
92134
92135
92136
92138
92139
92144
92146
92149
92156
92157
92158
92159
92165
92166
92168
92170
92171
92173
92174
92175
92176
92177
92178
92181
92182
92184
92187
92188
92192
92193
92194
92195
92196
92201
92205
92206
92207
92210
92211
92213
92214
92215
92216
92218
92219
92220
92221
92223
92225
92226
92228
92229
92230
92231
92232
92233
92234
92237
92240
92241
92242
92243
92244
92246
92247
92248
92249
92250
92251
92252
92254
92255
92257
92258
92259
92260
92261
92263
92265
92266
92267
92268
92269
92270
92271
92272
92273
92274
92275
92276
92277
92279
92281
92283
92284
92285
92286
92288
92290
92291
92292
92293
92294
92296
92297
92298
92299
92300
92301
92302
92303
92304
92305
92306
92307
92308
92309
92310
92311
92312
92313
92314
92315
92316
92317
92318
92319
92321
92322
92324
92325
92326
92327
92328
92337
92338
92340
92341
92342
92343
92344
92345
92346
92347
92349
92350
92351
92352
92353
92354
92355
92356
92357
92358
92359
92360
92361
92362
92363
92364
92365
92366
92367
92369
92370
92371
92372
92373
92374
92375
92376
92377
92378
92379
92380
92381
92383
92384
92385
92386
92387
92388
92389
92390
92391
92392
92393
92394
92395
92396
92397
92398
92399
92400
92402
92403
92404
92406
92407
92409
92410
92411
92412
92413
92414
92415
92424
92425
92426
92427
92428
92429
92430
92431
92433
92434
92435
92436
92437
92438
92439
92440
92441
92442
92443
92444
92445
92446
92447
92448
92449
92450
92451
92452
92453
92454
92455
92456
92457
92458
92459
92460
92461
92462
92463
92464
92465
92466
92467
92468
92469
92470
92471
92472
92473
92474
92475
92476
92477
92479
92480
92481
92482
92483
92484
92485
92486
92487
92489
92490
92491
92492
92493
92494
92495
92496
92497
92498
92499
92500
92501
92502
92503
92504
92505
92506
92507
92508
92509
92510
92511
92512
92513
92514
92515
92516
92517
92518
92519
92520
92521
92522
92523
92524
92525
92526
92527
92528
92529
92531
92532
92533
92535
92536
92537
92538
92539
92540
92541
92543
92544
92545
92546
92547
92548
92549
92550
92551
92552
92553
92554
92555
92556
92557
92558
92559
92560
92561
92562
92563
92564
92565
92566
92567
92568
92569
92570
92571
92572
92573
92574
92575
92576
92577
92580
92581
92582
92583
92584
92585
92586
92587
92589
92590
92591
92592
92593
92594
92595
92596
92598
92599
92601
92603
92604
