21
22
25
28
30
31
32
33
34
35
37
38
40
41
42
43
45
46
47
49
50
51
53
54
55
56
57
59
60
63
64
66
67
68
74
75
76
78
83
85
87
90
92
93
94
95
96
97
98
99
100
101
102
103
104
105
107
108
109
110
111
113
114
115
116
119
120
121
122
123
124
127
128
130
131
132
133
134
135
136
137
139
140
141
142
144
145
146
147
148
149
151
153
154
155
156
158
159
160
162
163
165
166
170
171
172
173
174
175
176
177
179
180
182
183
184
186
187
188
190
191
193
194
195
196
197
198
199
200
201
202
203
204
205
206
207
208
209
211
212
213
215
218
219
220
221
223
224
225
226
227
228
230
233
234
235
239
241
242
243
244
246
247
248
249
250
252
253
254
255
256
257
258
260
261
263
264
265
266
267
268
271
272
273
274
275
276
277
278
279
280
281
282
283
284
285
286
287
288
289
290
291
292
293
294
295
297
298
299
300
301
302
303
304
305
306
307
308
309
310
311
312
313
314
315
316
317
318
319
320
321
322
323
324
325
326
327
328
329
330
331
334
335
336
338
339
340
341
342
343
344
345
346
347
348
349
350
351
352
353
355
356
357
358
359
360
361
362
363
364
365
366
367
368
369
370
371
372
373
374
375
376
377
378
379
